Sample_ID	Barcode	Class	GL_Het	GL_het_Chr1	GL_het_Chr2	GL_het_Chr3	GL_het_Chr4	GL_het_Chr5	GL_het_Chr6	GL_het_Chr7	GL_het_Chr8	GL_het_Chr9	GL_het_Chr10	GL_het_Chr11	GL_het_Chr12	GL_het_Chr13	GL_het_Chr14	GL_het_Chr15	GL_het_Chr16	GL_het_Chr17
ES-3207	lib1_ACACGACA	Case	8.97538201478482e-05	6.25035032507434e-05	6.9921671046631e-05	8.19546282085474e-05	6.34783771914705e-05	6.34624687820564e-05	6.21103418080538e-05	6.13562473421548e-05	6.16491848704087e-05	7.21200039554085e-05	7.34390756823997e-05	6.20875461930393e-05	6.40968260537652e-05	6.12370325164135e-05	5.29125745233161e-05	5.58676852159175e-05	7.74202649989664e-05	6.3632985258441e-05
ES-2829	lib1_ACACTGAC	Control	8.97091391049337e-05	6.28053497738475e-05	6.79369812114796e-05	5.60003776297032e-05	7.41898343351172e-05	5.98565579967293e-05	7.33052770103527e-05	6.74210442278293e-05	6.95009347456209e-05	6.59460560670368e-05	7.6095769580922e-05	5.85075766281156e-05	7.17230894562433e-05	5.24574052919912e-05	7.31163638630379e-05	5.27116815054532e-05	6.43290684917129e-05	4.91124737416964e-05
ES-3155	lib1_ACGTAGCA	Control	8.60721843057303e-05	4.24307523927323e-05	6.00181033514512e-05	6.2867271965354e-05	6.22543207878489e-05	6.42043691335645e-05	7.22941991798981e-05	5.92265341850608e-05	5.95690570981865e-05	7.35695123897884e-05	6.63026616042214e-05	7.65461853488957e-05	5.86821994062467e-05	6.42697455758071e-05	6.00039950511412e-05	6.81370655436799e-05	6.03553457707687e-05	7.4814583329929e-05
ES-3231	lib1_ACGTCTAC	Case	9.12035177253668e-05	6.9258792834479e-05	6.99562381909458e-05	7.13441856648481e-05	6.07121160148332e-05	6.83502977110859e-05	6.76324774359193e-05	5.93094591211459e-05	6.09969659507555e-05	5.79915836194164e-05	9.85250435876374e-05	5.33119673260305e-05	5.67030895426901e-05	6.28859122793027e-05	7.11577399036561e-05	6.11542383425244e-05	6.33922738707925e-05	6.06956927177018e-05
ES-2868	lib1_CACACAGT	Control	8.21937954910773e-05	5.43699712436279e-05	6.69417825847273e-05	5.68170043195668e-05	6.26232690568253e-05	5.75485024270917e-05	5.93986514218254e-05	5.59134927768657e-05	6.66278513109241e-05	5.17300687730091e-05	4.3972960723853e-05	6.18645173433405e-05	5.95063370938694e-05	6.12203908138011e-05	4.63656351304069e-05	6.45805151638974e-05	5.48402394548448e-05	6.77971879190501e-05
ES-2651	lib1_CAGTCTCA	Control	9.4176968389152e-05	8.6929356781959e-05	7.26037420801231e-05	7.24242272316597e-05	6.43958422551908e-05	4.46258380125622e-05	6.1963881283903e-05	6.6591130719871e-05	5.56509598928627e-05	6.72094254145767e-05	9.47133289674744e-05	9.60570411516234e-05	6.22716778847511e-05	7.5903084156812e-05	6.17585106324346e-05	6.870025630854e-05	6.3155478452838e-05	5.89634897895265e-05
ES-2876	lib1_CAGTGTGT	Case	8.73475785969841e-05	6.77758899533838e-05	7.23742128058718e-05	6.91217381639478e-05	7.39547748454452e-05	7.27168348457561e-05	7.11368666689243e-05	5.47618524006345e-05	7.68972127011797e-05	7.13105999952438e-05	8.20844699318041e-05	5.72975136292868e-05	5.62075867415457e-05	4.73461710274628e-05	5.59836625969033e-05	5.10149701335792e-05	5.71483724762109e-05	5.96353748640973e-05
ES-2692	lib1_CATGATCA	Case	8.96138804468292e-05	8.09505261963396e-05	6.54348613788125e-05	8.35130048492316e-05	6.0807723847505e-05	5.65373460177695e-05	5.20731308160997e-05	6.34615546236874e-05	6.31201929274635e-05	6.9111776018538e-05	8.01362296170926e-05	6.57809121419727e-05	5.32254731825934e-05	7.85697862821167e-05	6.50047156868038e-05	6.88931144873551e-05	5.41589870412086e-05	6.00068010124373e-05
ES-2805	lib1_GTACGCTG	Case	7.72925827180534e-05	5.16552583557079e-05	6.03880404251813e-05	5.75365099424695e-05	6.7078075818596e-05	5.72335873775638e-05	4.7786942490634e-05	6.75407503033067e-05	4.77290122817336e-05	5.10321851626713e-05	7.28709747977252e-05	6.52931138882451e-05	5.48416817022396e-05	6.16571340849833e-05	5.01409351055573e-05	5.13498243849967e-05	4.97907415141729e-05	5.93485208923058e-05
ES-2629	lib1_GTACTCGT	Control	9.06443327201642e-05	6.21917682409238e-05	6.96029238583587e-05	8.26581132033916e-05	5.83345653307759e-05	5.86599848550954e-05	7.42262666218781e-05	5.81434779951717e-05	7.99901383907965e-05	6.56262577255948e-05	8.7525766122943e-05	7.11968426727415e-05	6.01758777521695e-05	7.04358398616895e-05	7.82263412275944e-05	6.04190597700705e-05	5.63551352332748e-05	7.32178466795835e-05
ES-3356	lib1_GTCAGTGT	Case	8.23115477502157e-05	4.89164173746742e-05	6.26242027393314e-05	6.09431295395007e-05	6.71123892133737e-05	5.99060769234631e-05	6.32475382508384e-05	5.5962263123721e-05	6.01204044614852e-05	6.63866624554411e-05	8.14577496536486e-05	7.40841257097623e-05	6.58909395354016e-05	5.5657146375579e-05	5.1333091406463e-05	5.57993511031808e-05	5.22664326730665e-05	6.58961320632034e-05
ES-3061	lib1_GTCATGTG	Control	9.0958021620208e-05	6.00444191601426e-05	7.49524345588639e-05	6.99167068008069e-05	7.09534625873765e-05	6.07926797522808e-05	6.45596181685811e-05	5.82476965009142e-05	6.60905408082767e-05	7.1924849663463e-05	7.01228672430578e-05	6.44492611092638e-05	5.77427384576908e-05	6.62106315592565e-05	6.6868547021111e-05	7.12899350808546e-05	6.43858456625319e-05	4.84947317375221e-05
ES-3148	lib1_TGCATCGT	Control	8.43633697472119e-05	6.80430883951557e-05	6.88272767019412e-05	6.53091200805804e-05	7.34737858148365e-05	4.62915618022593e-05	6.38245819312779e-05	6.1555793781404e-05	5.00765791476875e-05	6.8533788977455e-05	9.43264815579818e-05	6.42305755171042e-05	5.89504251658421e-05	5.42602384508114e-05	6.14987551518094e-05	5.23758235905752e-05	6.48871610670723e-05	5.23776983920367e-05
ES-3330	lib1_TGTGACTG	Case	8.57692023826702e-05	6.55187636055029e-05	5.61283533802488e-05	6.85647369752646e-05	6.86318447354371e-05	5.82108020005514e-05	6.78682789777673e-05	6.98584189896472e-05	6.13345531260609e-05	5.84096445290342e-05	7.47964129962289e-05	6.27552548781041e-05	5.36075398981785e-05	6.10031890583121e-05	5.8488236000999e-05	6.90390505818891e-05	6.93834334510613e-05	6.25502014077877e-05
ES-2985	lib1_TGTGCAGT	Control	9.05412696868254e-05	8.0830052595916e-05	6.87406669048137e-05	6.34197036484253e-05	6.78844629047143e-05	6.08681403021067e-05	5.64948865001673e-05	6.72630194206312e-05	5.63491740724548e-05	7.99361654183843e-05	9.11723463904193e-05	6.01925126917865e-05	6.11863618252017e-05	7.29580794805938e-05	6.3860081210488e-05	6.8931332954449e-05	3.94575145607838e-05	6.16692534867439e-05
ES-2697	lib1_TGTGTGAC	Case	8.83788823928754e-05	6.32995842179993e-05	7.72881162631175e-05	8.17897796205879e-05	6.16112659831907e-05	6.55592710049021e-05	7.79128152987987e-05	5.68379405665273e-05	6.27951013192206e-05	5.95528752292236e-05	6.7327992292167e-05	6.10546223747575e-05	4.84608181957003e-05	6.89671066542688e-05	5.99753455661839e-05	6.27732055421259e-05	6.37967528523005e-05	5.69974262113985e-05
ES-3342	lib2_ACACGACA	Case	0.000102548613378524	9.62238120872266e-05	6.26691743743713e-05	7.93789840798566e-05	7.24368881084567e-05	7.54681904659955e-05	8.16013167596249e-05	7.23489770198363e-05	7.77991828750088e-05	7.63598603811634e-05	8.55377967909903e-05	9.25348729419087e-05	6.97418178695637e-05	7.86294635406561e-05	7.80320787525789e-05	6.57498071963526e-05	7.11703047136065e-05	8.47965845988907e-05
ES-3256	lib2_ACACTGAC	Control	9.87415209646306e-05	8.34143600529296e-05	7.26918742490935e-05	8.24991696467189e-05	7.23434275872521e-05	6.65535469570313e-05	7.42933723160255e-05	6.26882057718959e-05	7.413728432242e-05	6.88181301214175e-05	7.53545785250013e-05	7.4327790394666e-05	7.70620900902143e-05	5.92479997896399e-05	6.72814140502452e-05	7.95433864486371e-05	5.85499037956813e-05	7.95648476862696e-05
ES-3289	lib2_ACGTAGCA	Case	0.00010807899347141	7.32344612528851e-05	8.47368035817627e-05	8.75829026295588e-05	9.67908971750708e-05	7.932155864179e-05	7.27852507765231e-05	7.56248845900202e-05	7.81060655252786e-05	7.53191438585223e-05	8.57380394856401e-05	7.84120637954585e-05	8.27876609111313e-05	8.22342959740611e-05	7.75825632344478e-05	7.54943710361378e-05	7.14270867439654e-05	7.01148433045945e-05
ES-3124	lib2_ACGTCTAC	Case	9.83908347821135e-05	6.47478817336787e-05	7.57491153119905e-05	7.36983655769126e-05	9.74267451368026e-05	7.02480699269763e-05	7.49568418943176e-05	8.64474379849281e-05	8.16718945234445e-05	8.28411531213434e-05	6.57877732462188e-05	7.46833540328601e-05	7.99380030757555e-05	6.4257831089755e-05	6.48415709481651e-05	8.10844704905502e-05	8.14497831640815e-05	6.87835239725724e-05
ES-2695	lib2_CACACAGT	Case	9.29428446443721e-05	7.15506817230768e-05	7.59803298499929e-05	6.44341557447144e-05	7.6352573225169e-05	6.65527921175395e-05	7.78060741913745e-05	7.47321753574105e-05	6.88016608061459e-05	8.56573154682002e-05	8.27032770068346e-05	5.23138568508869e-05	5.50604929382065e-05	6.71252264226092e-05	7.68749728209024e-05	5.77898565962139e-05	5.96636649495871e-05	5.98718610576692e-05
ES-3347	lib2_CAGTCTCA	Case	9.68427004533936e-05	7.13300963469325e-05	6.20089029053176e-05	8.62825299862506e-05	8.55648469271917e-05	5.57001445211271e-05	8.22727130223665e-05	7.99363350109127e-05	5.4888429242812e-05	7.36101807211765e-05	9.40899664259591e-05	5.71659235597253e-05	7.82703286892036e-05	7.81827906240566e-05	5.99219435032563e-05	8.28971329126855e-05	6.79377438500324e-05	7.07746147725841e-05
ES-2956	lib2_CAGTGTGT	Control	0.000106393560391536	7.39173823856058e-05	9.55398425087872e-05	8.49591272712682e-05	6.82483241519487e-05	6.97267125232964e-05	8.82243163272203e-05	7.83218655693344e-05	7.88968092797633e-05	7.91881699216874e-05	0.000106640109224457	8.35411501568363e-05	8.26954105476403e-05	6.93044850423874e-05	8.13604334299302e-05	6.59788053590702e-05	7.35141160318965e-05	6.97583997719116e-05
ES-2816	lib2_CATGATCA	Control	0.000114915874723854	8.36731452838186e-05	7.99647108481719e-05	9.49076406279449e-05	0.000103399242023698	7.05757266437333e-05	7.30182476996609e-05	8.37294372473358e-05	8.29056460955118e-05	9.81760048515062e-05	9.78866975739099e-05	9.06932911248483e-05	8.68819450908519e-05	7.11713974815258e-05	9.4416370050603e-05	7.58511831238601e-05	8.05338829405305e-05	8.30127471206401e-05
ES-2667	lib2_GTACGCTG	Control	0.000107562267347097	8.76018633645312e-05	7.688058675926e-05	9.2037638961256e-05	8.29576195635396e-05	6.77362788857783e-05	7.50873645937681e-05	7.67954432511248e-05	9.12396841154435e-05	9.51482034944807e-05	9.214726860086e-05	7.84174258409882e-05	7.44913375704672e-05	8.20532349000185e-05	7.34059363153005e-05	7.15764237173097e-05	7.45942334057513e-05	7.31393389037452e-05
ES-3307	lib2_GTACTCGT	Case	8.78500364340921e-05	5.10428772384623e-05	7.4870270581949e-05	6.23476725309773e-05	7.44120933816701e-05	6.58168639090217e-05	6.76632460411906e-05	6.28574706709748e-05	5.36936896390237e-05	6.53683224421902e-05	5.94336077860769e-05	6.75413493873423e-05	7.03535035989551e-05	5.99138009765303e-05	6.152918941146e-05	4.64586046467818e-05	6.05342387266005e-05	6.19067480011999e-05
ES-3357	lib2_GTCAGTGT	Control	0.000118590314720497	9.68238946277575e-05	8.49728392723225e-05	9.06888193696481e-05	9.21729272939677e-05	7.87842465257076e-05	8.22673418475881e-05	8.49103442860463e-05	0.000108645736794488	8.87136440690979e-05	9.07848364943248e-05	0.000100987183571116	8.29209886551401e-05	8.41668479126963e-05	0.000103102739889852	8.5391036053144e-05	8.07560256258891e-05	8.8627761443795e-05
ES-3335	lib2_GTCATGTG	Case	7.85209385680946e-05	3.14764976507628e-05	5.89569668985787e-05	6.33484201397237e-05	6.28484508287977e-05	5.19295038282392e-05	6.40183999419885e-05	5.8628901323258e-05	5.3902483949272e-05	7.21112128169192e-05	6.54773013288665e-05	5.46907385158669e-05	5.37996968955404e-05	5.20812275231395e-05	5.39919708511812e-05	6.56711603872237e-05	5.39727075067311e-05	5.75612896138638e-05
ES-2906	lib2_TGCATCGT	Case	9.4268858063755e-05	6.34083229397578e-05	6.31873954534667e-05	7.3649299599796e-05	7.80226452696938e-05	6.94655749155825e-05	6.95002758577668e-05	6.79557779011738e-05	7.4772611364805e-05	7.3569161138781e-05	7.84804545732209e-05	6.8814319438892e-05	7.57660620694095e-05	6.71131162524137e-05	6.76250778934151e-05	5.13350024249428e-05	7.80814952433196e-05	6.97116257257216e-05
ES-2913	lib2_TGTGACTG	Case	0.000105766265998003	7.34087447656759e-05	6.50970863136999e-05	9.84059972722219e-05	8.17498269047925e-05	8.16454039784721e-05	8.20275968737122e-05	7.13600811727406e-05	9.65175456825547e-05	8.81944769677723e-05	0.000100632405845107	8.12673737520862e-05	7.00818451743327e-05	8.1392717784529e-05	7.65774613903918e-05	6.77482589610767e-05	8.46240615680473e-05	8.33242674993555e-05
ES-2741	lib2_TGTGCAGT	Control	0.000107842996229878	8.71896821557788e-05	8.04108292529845e-05	8.41859957173552e-05	7.1830901975227e-05	7.69301002134483e-05	8.45643881796805e-05	6.98890919850799e-05	7.26178894222071e-05	9.15334724608069e-05	7.76431402588042e-05	7.8526771804626e-05	7.80349478735579e-05	7.29251700210436e-05	7.35079749464298e-05	7.06418784606037e-05	8.42098523807887e-05	7.84238293229388e-05
ES-3157	lib2_TGTGTGAC	Control	0.00010066740122507	7.89426882245933e-05	8.14527173524454e-05	7.08510067789476e-05	8.21353290511779e-05	7.8187185761964e-05	9.24640953133655e-05	6.16929620330731e-05	8.14420444155465e-05	7.50455313724688e-05	7.53437531791362e-05	7.93055246566293e-05	7.84867942445874e-05	6.89383948919969e-05	6.58983356869416e-05	7.6768507499545e-05	6.68089723045927e-05	7.18213301613336e-05
ES-2551	lib3_ACACGACA	Control	0.000104249246884155	9.46639779490338e-05	8.46018489140651e-05	9.37706437540691e-05	7.03279683940752e-05	6.94696669505185e-05	8.50616963062378e-05	8.08549201841177e-05	8.05047534824318e-05	8.42448678163881e-05	9.24559836812466e-05	8.52951797526872e-05	6.41153702324253e-05	7.33572582994573e-05	7.65055997296364e-05	5.1233779520804e-05	6.44041782403553e-05	7.08671766339139e-05
ES-2774	lib3_ACACTGAC	Case	0.000114850946633838	9.51949325297499e-05	8.25269462983156e-05	8.8708219439062e-05	0.000102441574624424	8.19082799643073e-05	9.93692783316982e-05	7.9544803626576e-05	8.04369927047853e-05	0.000109409188380817	0.000110892730719535	7.14338764021822e-05	8.49800172507473e-05	6.83991297401671e-05	9.72473051689037e-05	8.41982230645244e-05	6.92600757797058e-05	7.45318002082109e-05
ES-2599	lib3_ACGTAGCA	Case	0.000117120183956482	9.76397226142198e-05	0.000100006436064049	8.78160609967975e-05	8.46985017141756e-05	8.86401195388471e-05	0.000103904703434811	7.40024967041789e-05	9.68796385694711e-05	8.56281519944936e-05	9.63640834107347e-05	9.83879316546814e-05	8.081092639135e-05	9.7877023799027e-05	9.3780056495598e-05	9.22304925843315e-05	8.83797436766604e-05	7.35721754769541e-05
ES-2855	lib3_ACGTCTAC	Control	9.50741215129886e-05	6.19768368231491e-05	8.14906994696826e-05	9.17110703200103e-05	8.14363367278461e-05	4.72586907253612e-05	9.32463556582652e-05	7.00293789159713e-05	6.82075933024989e-05	9.61414827200135e-05	9.26287294067643e-05	6.40577591202069e-05	6.35813180710187e-05	6.30610779315886e-05	6.75106589437903e-05	6.76409931633391e-05	8.27101516709927e-05	6.75834117081819e-05
ES-2690	lib3_CACACAGT	Case	0.00011758446934472	0.000110156293719489	7.16995543241454e-05	9.34851470738841e-05	9.78042060198401e-05	6.39290276814718e-05	9.51851323114114e-05	8.16748642125835e-05	0.000101230951441861	0.000109813792642897	9.67328831312537e-05	9.47235822379145e-05	8.28728430381583e-05	7.5273542550574e-05	8.85333516637452e-05	9.91902201636113e-05	8.20493548024618e-05	9.45809684672807e-05
ES-2850	lib3_CAGTCTCA	Case	0.000127748005904076	5.80858462185405e-05	0.000101341863456356	0.000100542251693226	0.000104550990067142	7.93392031951324e-05	8.86237651330307e-05	9.96141552467085e-05	0.000114320424058855	9.9351743228978e-05	0.000117507505938871	8.37324758316893e-05	9.88756717810914e-05	9.00753777603314e-05	0.000101578151638371	0.000117070304846149	9.37304090862035e-05	0.000115243706446629
ES-2887	lib3_CAGTGTGT	Control	9.7162917454619e-05	7.59238362547556e-05	7.52959185305617e-05	7.28678043394625e-05	6.75631461774784e-05	5.41964252549901e-05	7.4089730464519e-05	6.26426174114906e-05	7.83735366489049e-05	6.63394615447514e-05	8.98466398397058e-05	8.03226832610945e-05	6.03035271544583e-05	7.21031274339991e-05	6.64770713350478e-05	6.70360835853429e-05	7.79312297052054e-05	7.11101411946917e-05
ES-2820	lib3_CATGATCA	Control	0.000124938788637178	0.000109369200333605	9.89189367814996e-05	0.000108543748528002	8.70909300565042e-05	7.46867306290327e-05	8.459985038992e-05	8.84974810797608e-05	9.63243845316459e-05	0.000105900838081577	9.78099443646528e-05	8.05110657420703e-05	8.84132384632834e-05	9.84916469430913e-05	0.000102486109456464	7.11056211455673e-05	8.34741586385028e-05	8.80263410326699e-05
ES-3223	lib3_GTACGCTG	Control	0.000103911673519462	0.000100732677749716	8.94183032193342e-05	8.57855026874508e-05	8.07876082574244e-05	6.03273716270236e-05	8.06001846610016e-05	8.02565701306576e-05	6.73364605383021e-05	8.39192679232666e-05	5.98954591854371e-05	8.52703215062566e-05	8.13238770680661e-05	6.38695260428297e-05	7.6769261574311e-05	7.78283744046882e-05	6.70058575154054e-05	7.41046014472246e-05
ES-2895	lib3_GTACTCGT	Case	0.000120640983084261	7.80020214978119e-05	0.000107432891434899	0.000101187359705625	9.48091035262046e-05	7.25356763062258e-05	8.77908179898062e-05	9.52166830128727e-05	0.000101990394770683	0.000106762921242184	0.000113424300160906	8.29119671977315e-05	8.67698018262548e-05	8.3671947351584e-05	8.75907282449764e-05	8.06701899853593e-05	7.91045206465738e-05	9.47890731254104e-05
ES-3019	lib3_GTCAGTGT	Case	0.000104387344755205	7.55832809993496e-05	8.80585266376116e-05	8.55112385295346e-05	7.9519720176758e-05	5.85280200138487e-05	7.93807204009367e-05	7.49309224928079e-05	8.00204736077226e-05	9.505612763038e-05	7.10004916098387e-05	7.87987097298296e-05	8.37786425830964e-05	8.26542918589536e-05	6.5386715791482e-05	9.00423574705524e-05	7.65460823497599e-05	8.53324948064341e-05
ES-2919	lib3_GTCATGTG	Case	0.000117028773470398	9.04597792392933e-05	8.62953699424669e-05	8.80225843016482e-05	9.90564858727097e-05	9.34474290536947e-05	8.72902622118401e-05	8.22974117542836e-05	7.93943861542032e-05	0.000108756729766385	0.0001235764788715	7.51363831342243e-05	8.80490231832614e-05	7.44645074836366e-05	9.19222725124036e-05	7.65524891716443e-05	8.05551134162766e-05	8.35141663761366e-05
ES-2923	lib3_TGCATCGT	Case	0.000129475455755597	0.000120337502949646	8.78855501712464e-05	0.000116369114537416	0.00011220827254933	8.92896736350571e-05	0.000112422701021219	0.000115302013671376	0.000114925805847158	9.04015522209511e-05	0.000103863267712465	8.73575833984773e-05	8.80984119637545e-05	9.35171132248202e-05	8.41691323751845e-05	7.90828388027666e-05	0.00010989152732452	9.37647011985042e-05
ES-2960	lib3_TGTGACTG	Case	0.000130665165790617	9.404471245209e-05	9.82830886733448e-05	0.000111401907145759	9.95422351097589e-05	0.000107054265728534	9.64640138037916e-05	0.000106995501753605	0.000102845724745564	0.000108186184663509	9.99812901122459e-05	8.19578357862995e-05	0.000108208657723648	9.62567474867235e-05	9.76101230550049e-05	9.34055213462699e-05	8.62103100212369e-05	8.68776710620552e-05
ES-2794	lib3_TGTGCAGT	Case	0.00013047078831697	9.89113514121705e-05	0.000101535719738396	0.000108124410592688	0.000112254269531671	0.000108037868247238	9.79611110877868e-05	9.38663922580435e-05	0.000113821489686058	0.000105993399069673	9.67089079453646e-05	0.000105355619324806	0.000101594383255758	0.000101423551991242	9.31785001534041e-05	0.000101064326357763	0.0001144127737201	9.00466647041437e-05
ES-3230	lib3_TGTGTGAC	Case	9.51285007142358e-05	7.96872105788335e-05	9.24861889653777e-05	7.08958948456039e-05	8.08211673552791e-05	6.16666950122666e-05	7.75947720711478e-05	5.75713107857481e-05	7.51583533227393e-05	6.73342937906169e-05	6.87989358401616e-05	7.10288585889793e-05	7.13676105740588e-05	7.31067755620517e-05	6.63048936216751e-05	4.65838797173373e-05	6.79930894509245e-05	6.29854201878822e-05
ES-2554	lib4_ACACGACA	Control	0.000112068829115638	8.68487739347047e-05	8.07933846222995e-05	8.06041995067646e-05	8.51932061557692e-05	7.20031677870909e-05	0.000102652057464866	7.81208213619143e-05	9.17791172922033e-05	0.000119759706148467	8.2530787315605e-05	7.95956835071958e-05	7.25836810531135e-05	8.89725895010519e-05	7.81919469509874e-05	0.000105802658289378	8.20362944916169e-05	7.12651547782344e-05
ES-2795	lib4_ACACTGAC	Case	0.000108434804724942	8.07883002495493e-05	8.08632046284845e-05	9.95395647909039e-05	8.57358005777998e-05	6.46051646944856e-05	5.83959175372956e-05	8.45294543153582e-05	7.74310798572644e-05	6.6082444922618e-05	7.68238688396344e-05	7.56591934750236e-05	8.36688036100064e-05	8.05576090509043e-05	7.31212832003814e-05	9.22453697505947e-05	5.80140982532624e-05	8.42628936278291e-05
ES-3287	lib4_ACGTAGCA	Case	0.000104821288724504	8.30992962941069e-05	7.67327100596227e-05	8.01021286225204e-05	6.88396311337179e-05	7.43803690137662e-05	7.27277503833024e-05	6.67869542673343e-05	8.71046678523899e-05	7.59633059000558e-05	9.75697345198633e-05	7.68042819794204e-05	7.20624298337441e-05	7.46832411022753e-05	8.53847977969946e-05	7.7192718645109e-05	7.14387903501429e-05	7.12586473355131e-05
ES-3258	lib4_ACGTCTAC	Control	0.000108876988180967	8.97010887977333e-05	8.84872166685257e-05	8.42279716306523e-05	8.51746734435375e-05	7.90478489946714e-05	7.84534877458223e-05	8.74360760882519e-05	8.00650750273917e-05	0.000105696989430538	7.45888091956298e-05	7.94625896298728e-05	8.0079338575789e-05	7.41562633848821e-05	7.06277586948476e-05	8.04802827193484e-05	8.68258567708246e-05	7.96323407270406e-05
ES-2589	lib4_CACACAGT	Case	0.000103666753822977	8.20287265509625e-05	7.74455286279995e-05	7.81491751916558e-05	7.38741507776312e-05	7.14692978233141e-05	8.18705536501114e-05	7.56845067150429e-05	8.86532981543303e-05	8.68557532704981e-05	9.67659986536932e-05	6.635092351372e-05	7.00038995281179e-05	7.53052024704941e-05	7.11996354965319e-05	8.71216783083415e-05	7.61793137288432e-05	7.4684463822386e-05
ES-2955	lib4_CAGTCTCA	Case	0.000140328763072966	7.76991524350158e-05	0.000122348472862552	0.000115882482513772	0.000121669907987182	8.99446859542321e-05	0.000141161218234772	0.000106618664412802	0.000134931906636029	0.000120634861541145	0.000114681680954112	0.000117482471051747	0.00010387133988202	0.000109939483778537	0.000122775910387447	0.000119498871786431	0.000103521988638033	0.000113081559859532
ES-3150	lib4_CAGTGTGT	Control	0.000100541297175769	7.693869128312e-05	8.32321838514675e-05	9.66569729454443e-05	8.05257550028314e-05	7.37162102292667e-05	6.37766499114287e-05	7.68382685193949e-05	7.022013615426e-05	8.02080734165506e-05	9.27494526154481e-05	7.94242334837097e-05	5.81293384758466e-05	8.26387064271854e-05	6.88457242346733e-05	7.16347778403666e-05	7.50010832518391e-05	6.68744119110078e-05
ES-3217	lib4_CATGATCA	Control	0.000117220765873653	6.92384733560087e-05	8.08982867810836e-05	9.57842325209521e-05	8.98277662174195e-05	8.34518599503755e-05	8.7271036147631e-05	9.27207141375131e-05	0.000100766542184925	9.84434924814408e-05	8.84683324636465e-05	9.36456695180074e-05	8.00554093032022e-05	7.38408908490263e-05	7.88934505326445e-05	0.000109038108732029	8.7274043920115e-05	7.63748507080459e-05
ES-3154	lib4_GTACGCTG	Control	9.2185024706854e-05	6.41648808230456e-05	7.77863874296125e-05	7.58600994942696e-05	7.80130203533975e-05	5.67501725672911e-05	7.92195732368085e-05	5.08522251674883e-05	5.91990991187366e-05	7.97625122476424e-05	7.59483886370872e-05	6.80130438527737e-05	6.84198801042329e-05	5.87638067612935e-05	6.62039801825033e-05	6.8928094405439e-05	5.55312100792304e-05	5.82994911392712e-05
ES-2948	lib4_GTACTCGT	Case	0.000104794278556107	9.07747372275048e-05	7.76169106440255e-05	7.47289684283168e-05	8.35325507897026e-05	7.33247439098611e-05	7.85210760174855e-05	8.30474741557399e-05	8.25302687336837e-05	9.38562115027128e-05	9.24569342224743e-05	7.64123936923463e-05	7.8741842450316e-05	5.91678964815306e-05	7.30358629135928e-05	6.63653238654149e-05	8.6119880411521e-05	8.47093196098758e-05
ES-2735	lib4_GTCAGTGT	Control	9.77959316159414e-05	5.82735658238102e-05	7.07098534057992e-05	7.03687002136182e-05	7.66863484555345e-05	6.68094574490035e-05	7.9353654315769e-05	7.10911959427944e-05	8.43300451323671e-05	9.70791198319821e-05	7.61125244674594e-05	7.77332175128145e-05	6.21216344888522e-05	6.96942572738913e-05	6.3141340420925e-05	5.81903592736289e-05	6.67832562307629e-05	5.84558194519909e-05
ES-3314	lib4_GTCATGTG	Case	0.000114724393157212	7.70069047379273e-05	8.90393110336835e-05	9.11432837760805e-05	8.77373819100713e-05	8.64517874415325e-05	9.00507954505316e-05	9.23234163465047e-05	8.86473348556396e-05	9.16866910029136e-05	0.000100930230552341	8.58683712889585e-05	8.40752212464409e-05	9.86189326573577e-05	8.41888479269155e-05	6.60362335405217e-05	8.40288846117823e-05	7.49167637877248e-05
ES-2845	lib4_TGCATCGT	Case	0.000110668427960313	8.59568260274522e-05	7.87179794642012e-05	8.408425786098e-05	7.97768156516342e-05	7.78322164276841e-05	0.000101489862895454	9.33566135575332e-05	9.58009184004056e-05	9.78029700158486e-05	9.79852076880007e-05	8.70248321168794e-05	7.42577029768427e-05	5.96280649269149e-05	8.28978468991599e-05	7.75604928426899e-05	7.6196294167843e-05	7.79840768988425e-05
ES-2532	lib4_TGTGACTG	Control	0.000112626443779373	8.24376132601609e-05	8.49224870873601e-05	8.55156405867334e-05	0.000103254200515116	6.36604986171715e-05	7.58062130433129e-05	8.95397517205574e-05	9.1363130239769e-05	8.84285408607294e-05	0.000109055922573518	9.46441364309747e-05	7.40991685279729e-05	8.48291672387884e-05	8.6756947029274e-05	7.96401630629096e-05	8.18779847345326e-05	8.64627574396958e-05
ES-2952	lib4_TGTGCAGT	Case	0.000101912003005791	5.32746107945815e-05	7.53747637867486e-05	7.32406733029881e-05	8.1854942990954e-05	7.17235415311927e-05	8.27651691505676e-05	7.46920951079963e-05	7.24040943724338e-05	6.91909886530784e-05	7.67137005708117e-05	9.26361077785822e-05	7.22423427213795e-05	6.86746308027781e-05	8.96908895408009e-05	6.55980014461271e-05	8.48826969447468e-05	8.1149295622921e-05
ES-3159	lib4_TGTGTGAC	Case	0.000110729469308854	6.89611768362028e-05	8.00883434177369e-05	8.45521502860118e-05	8.38198058243636e-05	9.23554794391225e-05	6.58837614469854e-05	7.35885079999616e-05	9.12210020845756e-05	8.75712704480856e-05	7.695010650539e-05	7.85583089898719e-05	7.72777411651838e-05	8.54759250720818e-05	7.72639620036414e-05	7.64721732597048e-05	7.21668535437493e-05	8.95662327968225e-05
ES-2865	lib5_ACACGACA	Control	8.59344620484307e-05	6.88421005589391e-05	6.79015151886726e-05	7.66308578564016e-05	5.50346321268149e-05	5.72181954872296e-05	6.91388305373128e-05	5.47825093469877e-05	7.19759798639103e-05	7.58508879195725e-05	5.61191296870758e-05	7.26281454343422e-05	6.31311203701928e-05	4.64669885105856e-05	5.11485924223659e-05	8.24731162925384e-05	5.16042257467456e-05	6.16407394433619e-05
ES-2954	lib5_ACACTGAC	Case	8.24104204718224e-05	5.72493802411685e-05	5.93922437699777e-05	4.31690379826001e-05	7.42544505232523e-05	6.60218983224176e-05	7.81776609569445e-05	6.46069334080803e-05	8.24312936810094e-05	6.35835972117578e-05	8.31686102473016e-05	6.29230947004336e-05	5.15774045672599e-05	4.97046466328679e-05	6.00919462351323e-05	6.37460029512336e-05	5.11771227677102e-05	6.18770353157764e-05
ES-2698	lib5_ACGTAGCA	Case	0.000108531926493641	5.91388524371151e-05	8.95607558044813e-05	9.09334289412862e-05	7.70930825724361e-05	6.8639150585268e-05	0.000100370331141875	8.56067727480623e-05	7.89660459908877e-05	9.11785825478872e-05	0.000113207149877324	7.1414578760211e-05	7.99109364134351e-05	8.73713805169156e-05	8.29907863645624e-05	6.6953212574407e-05	8.87011879639809e-05	8.07523474532004e-05
ES-3060	lib5_ACGTCTAC	Control	9.66992064902979e-05	5.75750891617987e-05	7.23378356901034e-05	7.4932265448549e-05	9.02546996209971e-05	8.05086354500257e-05	5.58761558718458e-05	5.99345165263812e-05	8.12207041766172e-05	8.51943448267548e-05	9.79679065581063e-05	7.95545740416411e-05	6.98012857258273e-05	6.26873553111527e-05	7.1049382710607e-05	8.97664154615759e-05	7.44397652610719e-05	6.76077519063619e-05
ES-2929	lib5_CACACAGT	Case	0.000125395101871153	8.67413358332531e-05	0.000114855746288664	0.000112757411464282	0.000111301969000407	0.000102866515552533	0.000106810389856839	8.32894329505701e-05	0.000110496375099485	8.25501322674553e-05	0.000122045723430825	0.000109247082349725	8.74805542533285e-05	8.27109864300551e-05	0.00010458091629154	0.000102122124792158	7.80933700464382e-05	9.27542260556439e-05
ES-3358	lib5_CAGTCTCA	Case	9.71726255017931e-05	6.1943412573171e-05	6.64978181761531e-05	6.93975114921982e-05	7.44487567939093e-05	7.67405805765729e-05	7.67000862225891e-05	7.05051768699071e-05	7.23335497936983e-05	8.31007020138026e-05	7.4901290533626e-05	6.40443728828504e-05	6.35444388122475e-05	7.43871048080751e-05	6.59218841242499e-05	7.41925379986408e-05	6.63576494570598e-05	6.37950294155031e-05
ES-2857	lib5_CAGTGTGT	Control	0.000114892144302394	7.65066506391307e-05	9.15143817251609e-05	9.2177484072394e-05	9.92263068936556e-05	9.94988950460998e-05	0.000111100568197911	7.00108007092094e-05	7.73740167732568e-05	0.000121750880444911	9.3726192455944e-05	9.2112077029575e-05	7.40939037881861e-05	8.02944645430383e-05	8.01202989988887e-05	7.2982400748392e-05	7.9701568090637e-05	8.50157785663524e-05
ES-2763	lib5_CATGATCA	Control	9.28557023056801e-05	7.32507287910928e-05	7.88646074121689e-05	7.23294444238743e-05	6.98443860129049e-05	7.67068887236424e-05	8.10576977544643e-05	6.54857698600836e-05	8.09198245640016e-05	7.04617870218498e-05	6.21849611821797e-05	5.95967231408665e-05	4.86155609103776e-05	6.78645626331759e-05	6.5507715385571e-05	5.66093114695821e-05	7.28294695331243e-05	5.7617024950248e-05
ES-2782	lib5_GTACGCTG	Case	0.000129335898991024	9.91948729188934e-05	0.000102208116963255	0.000111351657974498	0.000100305072124389	9.37114449981144e-05	0.000140012195737101	9.95226138988969e-05	8.97851118900854e-05	0.000108127595478518	0.000113102143236104	0.000103127027179337	0.000105895268666322	0.000101669218582001	9.2476606303876e-05	0.000108309404226061	0.000119132511428903	7.88098198905759e-05
ES-2910	lib5_GTACTCGT	Case	0.00010134802139592	8.3408670082471e-05	8.83475610633271e-05	7.53304480636602e-05	7.59508706791367e-05	7.31910524004964e-05	6.99054592823291e-05	7.76029724839206e-05	8.00117245963544e-05	9.2976479314253e-05	8.36632361082136e-05	5.6825452104807e-05	8.2119708492338e-05	5.67208728461983e-05	8.14004478285577e-05	9.14276404564032e-05	5.27372707303236e-05	7.17431160505118e-05
ES-3252	lib5_GTCAGTGT	Case	0.000101316493443932	6.54400478076302e-05	6.83992313890442e-05	8.58558259100698e-05	7.67827104693909e-05	5.52324153408176e-05	8.55939761282108e-05	7.99957552697308e-05	7.4220459768581e-05	7.58621489718484e-05	8.4737222486269e-05	8.61529996813658e-05	5.58267985628873e-05	5.8931062781949e-05	8.49102868401986e-05	6.0754068645383e-05	7.25818323325316e-05	7.75497520866016e-05
ES-3011	lib5_GTCATGTG	Control	0.000121458890999177	0.000106175437768882	9.83641215952479e-05	0.000112401954123085	9.96297510009119e-05	7.66749320935107e-05	0.000124346170789749	9.90487289480882e-05	8.4233304089592e-05	0.000103718413807751	0.000102852450656805	9.07796078979943e-05	9.24301526630012e-05	9.49000044085567e-05	7.93212877641418e-05	9.36333615758699e-05	8.49707095175059e-05	8.08189808434231e-05
ES-2766	lib5_TGCATCGT	Control	9.48774164984609e-05	7.64250915036756e-05	6.23286417658193e-05	6.09251500191688e-05	6.28583285348279e-05	5.91194874608867e-05	7.04264334409076e-05	6.99964553710374e-05	5.85232738865126e-05	6.41907358790458e-05	7.37643916025347e-05	7.68036788254116e-05	6.31355592927506e-05	7.36244569914237e-05	7.04574461973267e-05	8.48229178857265e-05	7.22960538917467e-05	6.4569810855002e-05
ES-2556	lib5_TGTGACTG	Control	0.000126818602945147	9.56589993427183e-05	7.90046666648909e-05	9.63187763957506e-05	9.45737120104255e-05	8.31453013808424e-05	9.29356928013749e-05	9.95005526885484e-05	9.50066741335336e-05	9.77406017588128e-05	8.48441793023459e-05	8.96484032560891e-05	8.68478394483372e-05	8.10999474873876e-05	9.75722485335856e-05	0.000113544459364362	8.93230196872966e-05	7.97142270651528e-05
ES-3323	lib5_TGTGCAGT	Case	9.97447239448565e-05	7.64097915624338e-05	7.1599159040461e-05	7.779149807399e-05	5.02699760814681e-05	8.02803445926396e-05	4.88928616512711e-05	5.18487169056565e-05	5.6912286456714e-05	8.11297324634413e-05	8.64473051357682e-05	8.39074262372679e-05	6.52397019957575e-05	5.16253493865975e-05	6.5101574241818e-05	5.81175909873532e-05	5.53695293797036e-05	6.86406653407811e-05
ES-2957	lib5_TGTGTGAC	Case	0.000104141437312835	9.81370627114418e-05	7.92132884955832e-05	6.75323063184977e-05	7.31042032885758e-05	7.07809348289754e-05	7.30255588031351e-05	8.93606119949048e-05	7.68644308113576e-05	8.20202961182058e-05	6.94114224920875e-05	8.83160078725045e-05	7.30445930978659e-05	8.75020263113429e-05	6.58064261381546e-05	6.5411337356822e-05	8.64164471372632e-05	7.52115681510782e-05
ES-2771	lib6_ACACGACA	Control	0.000103520452304026	8.17533814871474e-05	7.11561932681547e-05	9.65997766135454e-05	8.14937388585221e-05	7.57116809051855e-05	8.65126053164684e-05	7.88632902053407e-05	7.5131150933732e-05	7.14770403735661e-05	7.82493330605306e-05	7.4762252617579e-05	8.7338960122326e-05	6.36969598729262e-05	5.65783255784665e-05	6.75047360727611e-05	7.37811235946434e-05	7.55319276681985e-05
ES-2915	lib6_ACACTGAC	Case	0.000103567533503318	5.57047697675208e-05	9.08788035546212e-05	6.64436840534312e-05	9.65097433765144e-05	8.28244671494361e-05	8.60849017893144e-05	7.47039992389817e-05	8.80637461335729e-05	8.45354400097571e-05	9.87197933518772e-05	7.49573547152107e-05	7.20648794450559e-05	7.33395595919016e-05	7.18954034605364e-05	8.46981602114933e-05	7.4412119776581e-05	8.31591391936487e-05
ES-3283	lib6_ACGTAGCA	Control	0.000108484227420447	8.8637674646697e-05	7.1830370743002e-05	8.38945398265099e-05	9.57216163252034e-05	8.85552232090156e-05	8.57206517365822e-05	6.44070563101804e-05	7.96336618285538e-05	9.42911183160776e-05	8.14607253723576e-05	8.01177917021705e-05	6.91634342396312e-05	7.85886486777802e-05	8.1900621882853e-05	6.77438636482071e-05	8.24190867198397e-05	6.53703326825291e-05
ES-3255	lib6_ACGTCTAC	Control	0.000126649627452454	8.93799470092756e-05	9.8261739222114e-05	0.000109924275687699	9.22381971431956e-05	9.69127823410141e-05	0.000105942207612873	8.59269178734954e-05	0.000111609836418649	8.82088847366136e-05	8.54736337765805e-05	7.84456865321228e-05	8.50782376274124e-05	0.000110200853649614	0.000112403592621358	9.31579327663021e-05	0.000108450115625474	8.10629438476197e-05
ES-3351	lib6_CACACAGT	Case	8.46300664546949e-05	3.34921907558848e-05	7.50035431841747e-05	6.13263591381732e-05	6.85297121291633e-05	6.15437688370761e-05	7.02294882947792e-05	5.48336498355823e-05	6.97355246868337e-05	7.04577402665426e-05	7.28318551401609e-05	4.74365207480399e-05	6.2041695478212e-05	4.910383211157e-05	7.11358575012046e-05	5.30809011573353e-05	6.03511025597088e-05	6.360746796314e-05
ES-2713	lib6_CAGTCTCA	Control	9.31202872176942e-05	7.81858709377117e-05	7.37225761968102e-05	7.08670420196352e-05	8.22953261043595e-05	5.03000033217644e-05	8.45286284131474e-05	6.76264921840194e-05	6.1385055234055e-05	7.20987214449437e-05	9.19739268398128e-05	6.42458963710875e-05	6.71243868323822e-05	6.35828024657005e-05	6.0781574218797e-05	6.19327875486718e-05	7.52761155179395e-05	5.29988226310701e-05
ES-2946	lib6_CAGTGTGT	Case	9.09092671488636e-05	6.86869623462833e-05	6.51740766165099e-05	6.80742165161523e-05	7.33809108916486e-05	7.2379264522491e-05	8.76981582719307e-05	6.1391065225349e-05	6.88110632765499e-05	8.23889833406373e-05	5.46749006132679e-05	6.59940358565941e-05	6.60168042943304e-05	3.58267034505239e-05	6.651884312159e-05	6.04913617171836e-05	6.52455926426139e-05	6.56115829199871e-05
ES-3368	lib6_CATGATCA	Case	9.38570243051649e-05	8.11245240911265e-05	6.68989002372672e-05	7.12424651607208e-05	8.45650563987221e-05	5.2022970678035e-05	8.74097755816873e-05	6.56319041160838e-05	6.4578017416808e-05	8.57676826078345e-05	7.75584105209132e-05	7.9992651260862e-05	7.88509318849341e-05	5.45038018265407e-05	6.65962565606163e-05	5.74704744078972e-05	6.82700341217123e-05	6.91785568382595e-05
ES-2787	lib6_GTACGCTG	Control	9.33588863788072e-05	7.51650636925262e-05	5.85643371934463e-05	8.05074959233596e-05	6.91787358707706e-05	6.86880778464918e-05	7.78284808905032e-05	5.96244395183486e-05	7.3907663350588e-05	8.30977267227513e-05	8.73094108587359e-05	5.88282056041797e-05	5.70402074412059e-05	5.37227050952795e-05	6.01010735321639e-05	7.56204948056439e-05	5.92747967205003e-05	6.05614082341272e-05
ES-3354	lib6_GTACTCGT	Control	0.000100403835090003	8.87006742616897e-05	7.60936202887409e-05	7.61627528398846e-05	8.14453547343707e-05	6.53848004736193e-05	7.7601332151571e-05	9.13186069289101e-05	9.0167614415276e-05	7.02856962393322e-05	8.24054825352093e-05	8.08639841412525e-05	6.96943649842824e-05	6.93600528655501e-05	7.42213721857192e-05	6.09986129808978e-05	6.8901776990982e-05	7.38225786196749e-05
ES-2729	lib6_GTCAGTGT	Case	0.000104965626729648	7.51746530007966e-05	9.85778246723478e-05	9.20394269547538e-05	8.34212858361432e-05	7.6913647330061e-05	9.37116814163426e-05	8.24563274659925e-05	7.53589704125001e-05	7.01881426223184e-05	9.9928749759987e-05	8.12551532537799e-05	7.31142022158982e-05	6.42715275150516e-05	7.17296447957927e-05	6.66143545845318e-05	7.14676313296433e-05	8.32480424835729e-05
ES-2936	lib6_GTCATGTG	Case	0.000108324429442578	8.26277254976787e-05	7.29240972417996e-05	8.4277493617283e-05	8.41133428128543e-05	6.89391315766378e-05	8.3854403233719e-05	8.38288774645506e-05	9.01504935501115e-05	0.00011579123948217	8.23525865365041e-05	6.34141117599821e-05	7.62246953681961e-05	7.99755708755762e-05	7.57790124487239e-05	8.48697841340979e-05	7.17216686783096e-05	9.04359138939629e-05
ES-2756	lib6_TGCATCGT	Control	0.000106845604564615	8.4610344624926e-05	7.90589160436535e-05	8.225651373176e-05	9.45272165356741e-05	6.37996704928492e-05	9.09231625759364e-05	7.90972939310523e-05	9.35745987461022e-05	7.24266630406432e-05	9.63869616480466e-05	8.89878997654506e-05	6.70407398011561e-05	6.58566342182755e-05	7.89297873246508e-05	6.40349302102368e-05	9.03199348472245e-05	6.29927635896289e-05
ES-2930	lib6_TGTGACTG	Case	8.16731124826063e-05	5.89021692458959e-05	8.26845468051276e-05	5.58843097581007e-05	5.11873646434912e-05	6.59163263159323e-05	5.11706403269755e-05	7.22633553633365e-05	5.72274667249616e-05	7.87531177067498e-05	8.35141173546443e-05	6.56751592041832e-05	5.25302815819848e-05	4.53874278444646e-05	6.19972653200517e-05	4.319402008564e-05	6.46007000650996e-05	5.41546138463675e-05
ES-2558	lib6_TGTGCAGT	Control	0.000103238440459738	7.98522142747724e-05	8.53729968125772e-05	8.48976738905294e-05	7.00821907083882e-05	7.10954809756423e-05	7.9802138326415e-05	6.04330657862524e-05	7.66602957059692e-05	6.8769201981346e-05	9.09235813578478e-05	8.28731071386138e-05	5.69723925409434e-05	7.82113610931705e-05	7.65514538696886e-05	8.42930185534543e-05	6.91186942127154e-05	6.97297109656985e-05
ES-2557	lib6_TGTGTGAC	Case	8.68626215543371e-05	7.37346805967701e-05	5.39702463913954e-05	6.74611121704264e-05	7.76980726753589e-05	4.46197214156278e-05	6.05904576558535e-05	5.82711345669055e-05	5.77516252182444e-05	7.32434297915247e-05	7.27690981130344e-05	7.08884049541971e-05	6.44967825275348e-05	4.77704882477138e-05	4.55160973097555e-05	4.83282311471634e-05	6.24217882426677e-05	5.73551134967787e-05
