ES2820	187	187	161	163	113	115	153	153	212	216	252	254	104	104	123	131	177	189	161	161	200	202	135	137	246	248	179	179	116	116	162	162	244	244	224	226	178	178	144	144	267	267	335	339
ES2792	187	187	161	161	113	115	157	157	212	216	252	252	100	104	123	131	177	189	161	163	200	202	135	135	246	246	175	179	116	116	162	162	244	244	224	224	178	180	144	144	267	267	339	339
ES2816	187	187	161	161	113	113	153	157	212	216	254	254	100	100	123	131	185	189	161	163	200	202	135	137	246	248	175	175	116	116	162	162	244	244	224	224	178	180	144	150	267	267	339	339
ES2825	187	187	161	163	115	115	153	157	212	216	252	254	100	102	131	135	185	189	161	161	198	202	135	135	246	246	175	175	116	116	162	162	244	244	224	226	178	180	144	144	267	267	339	339
ES2826	187	187	161	163	113	115	153	157	212	212	252	254	100	104	123	135	177	185	161	163	198	200	135	135	0	0	175	175	116	116	162	162	238	244	224	224	178	178	144	144	267	267	339	339
ES2829	187	187	161	161	115	115	153	153	212	216	254	254	100	104	123	135	185	189	0	0	198	200	135	135	246	246	175	179	116	116	162	162	238	244	224	224	178	180	144	150	267	267	339	339
ES2811	187	187	161	163	113	115	153	153	212	216	252	254	100	100	123	123	177	189	161	163	200	200	135	137	0	0	175	175	116	116	162	162	238	244	224	226	178	178	144	144	267	285	339	339
ES2794	187	187	161	163	115	115	153	157	216	216	252	254	104	104	123	135	185	189	161	161	198	200	135	135	246	246	179	179	116	118	162	162	238	246	224	224	178	180	144	144	267	267	339	339
ES2774	187	187	161	163	113	115	153	157	212	216	252	254	100	104	123	131	177	185	161	161	200	202	135	135	246	246	175	179	116	118	162	162	244	244	224	226	178	178	144	144	267	267	339	339
ES2795	185	187	161	161	115	115	153	153	212	216	252	254	100	104	123	123	185	189	161	163	200	200	135	135	246	246	175	179	116	116	162	162	238	244	224	226	178	178	144	150	267	267	339	339
ES2832	187	187	161	161	115	115	153	159	212	216	254	254	102	104	123	123	185	185	161	163	200	200	135	137	0	0	179	179	116	118	162	162	238	244	224	226	178	178	144	144	267	267	339	339
ES2771	187	187	161	163	115	115	153	153	212	216	252	252	102	104	131	135	185	189	161	163	198	202	135	135	246	246	179	179	116	116	160	162	238	238	224	224	178	178	144	144	267	285	339	339
ES2813	187	187	161	161	113	115	153	159	212	212	254	254	102	104	131	131	177	189	161	161	202	202	137	137	248	248	175	175	116	116	160	162	238	238	224	226	178	178	144	150	267	267	339	339
ES2808	187	187	161	161	113	115	153	153	216	216	254	254	100	104	123	131	177	189	161	163	200	202	135	135	0	0	175	179	116	118	162	162	244	244	224	226	178	180	144	144	267	267	339	339
ES2806	185	187	161	163	115	115	153	153	216	216	254	254	100	102	123	131	185	185	161	161	200	202	137	137	248	248	175	179	116	116	162	162	238	244	224	226	178	178	144	150	267	285	335	335
ES2729	185	187	161	163	113	119	153	153	212	216	252	254	100	104	123	135	189	189	161	163	198	200	135	137	246	248	179	179	116	116	162	162	238	244	224	226	178	180	144	144	267	267	339	339
ES2714	187	187	161	161	115	115	153	153	216	216	252	254	104	104	131	135	185	185	161	161	198	202	135	137	246	248	175	179	116	118	162	162	238	244	224	226	178	180	144	144	267	267	339	339
ES2937	187	187	161	163	113	113	153	157	216	216	254	254	102	102	123	131	185	185	161	163	200	202	137	137	248	248	175	179	116	116	162	162	244	244	224	224	178	180	144	144	267	285	335	339
ES2576	187	187	161	161	115	115	153	157	212	216	252	252	100	102	131	131	177	185	161	161	202	202	135	137	246	248	175	179	116	116	162	162	238	244	226	226	178	180	144	144	267	285	339	339
ES2821	187	187	161	161	115	115	153	153	216	216	254	254	102	104	123	123	189	189	0	0	200	200	135	135	0	0	175	179	116	116	162	162	244	244	224	224	178	178	144	144	267	267	339	339
ES2532	187	187	163	163	115	119	153	157	212	216	252	252	100	104	123	123	185	185	161	163	200	200	137	137	246	248	179	179	116	116	162	162	244	244	224	226	178	178	144	144	267	267	339	339
ES2810	185	187	161	161	115	115	153	153	212	212	254	254	102	104	135	135	185	185	161	161	198	200	135	135	246	246	175	175	116	116	162	162	238	238	224	226	178	180	144	150	267	267	335	339
ES2783	187	187	161	161	113	115	157	157	216	216	252	252	100	104	131	131	177	185	161	163	202	202	135	135	246	246	175	179	116	116	162	162	238	244	224	224	178	178	144	150	267	267	339	339
ES2787	187	187	161	163	113	115	153	157	212	212	252	252	100	100	131	135	185	185	161	163	200	202	137	137	248	248	175	179	116	118	162	162	238	244	224	226	178	178	144	144	267	267	339	339
ES2757	187	187	161	161	113	115	153	157	212	216	254	254	102	104	123	135	177	185	163	163	198	200	135	137	246	248	175	175	116	116	160	162	244	246	224	226	178	178	144	144	267	267	339	339
ES2805	185	187	161	163	113	115	153	157	212	216	252	254	102	104	131	135	185	185	161	161	198	202	135	137	246	248	175	179	116	116	162	162	238	244	224	226	178	178	144	144	267	285	339	339
ES2715	187	187	161	161	113	115	153	153	212	212	252	252	102	104	131	135	177	189	161	163	198	202	135	135	246	246	179	179	116	116	162	162	238	244	224	224	178	178	0	0	267	285	339	339
ES2763	187	187	161	161	115	115	157	159	212	216	252	252	100	104	131	135	185	185	0	0	198	202	135	137	246	248	175	179	116	118	162	162	238	244	224	226	178	180	144	150	267	267	339	339
ES2775	187	187	161	163	113	115	153	157	212	216	252	254	100	104	131	135	177	189	163	163	200	202	135	135	0	0	175	175	116	116	162	162	238	244	224	226	178	178	144	144	267	267	339	339
ES2740	187	187	161	161	113	115	153	159	212	212	252	252	100	104	123	135	185	189	161	161	198	200	135	137	246	248	179	179	116	116	162	162	244	244	224	224	178	180	144	150	267	267	339	339
ES2735	185	187	161	163	115	115	153	153	212	216	252	252	102	104	135	135	177	177	161	163	198	198	137	137	248	248	175	179	116	116	162	162	244	244	224	224	178	178	144	144	267	267	339	339
ES2713	187	187	161	161	115	115	153	153	216	216	252	254	100	102	131	131	185	185	161	161	202	202	135	137	246	248	179	179	118	118	162	162	238	244	224	226	178	178	144	144	267	285	339	339
ES2730	187	187	163	163	115	115	153	153	212	212	252	252	100	102	123	131	189	189	161	161	200	202	135	137	246	248	179	179	116	116	162	162	238	246	224	224	178	178	144	144	267	285	339	339
ES2603	187	187	161	161	113	119	157	157	212	216	252	254	104	104	131	135	189	189	161	163	198	202	135	135	246	246	175	179	0	0	162	162	244	244	224	226	178	180	144	144	267	267	339	339
ES2756	187	187	161	163	113	115	153	157	216	216	252	252	100	104	123	135	185	189	161	163	198	200	137	137	248	248	179	179	116	116	162	162	238	244	224	224	178	178	144	150	267	285	339	339
ES2741	187	187	161	163	113	115	153	157	216	216	252	252	100	100	123	135	185	189	163	163	198	200	135	135	246	246	175	179	116	118	162	162	244	244	224	226	178	180	144	144	267	267	339	339
ES2585	187	187	161	163	115	115	157	157	212	216	252	254	100	102	131	135	185	189	163	163	198	202	135	135	246	246	179	179	116	116	162	162	244	244	224	224	178	178	0	0	267	267	335	339
ES2782	185	187	161	161	113	115	153	157	212	212	252	252	100	100	123	135	185	185	161	161	198	202	135	135	246	246	175	179	116	116	162	162	238	238	224	226	178	178	144	144	267	267	335	339
ES2581	187	187	161	163	113	115	153	157	216	216	252	254	100	100	123	135	177	185	161	161	200	200	135	135	246	246	175	175	116	116	162	162	244	244	224	226	178	178	0	0	267	267	339	339
ES2766	187	187	161	163	113	113	157	159	212	216	252	254	100	102	123	131	185	189	163	163	200	202	135	137	246	248	179	179	116	116	162	162	238	244	224	226	178	180	144	144	267	267	335	339
ES2719	187	187	161	161	115	115	153	153	212	216	252	252	102	102	131	131	177	189	161	163	202	202	135	137	246	248	179	179	116	118	162	162	238	244	224	226	178	178	144	144	267	267	339	339
ES2554	187	187	161	163	115	115	153	157	212	212	252	254	104	104	131	131	177	185	161	161	202	202	135	135	246	246	175	179	116	116	162	162	244	244	224	226	178	178	144	144	267	267	335	339
ES2551	187	187	161	163	115	115	153	153	212	216	252	252	104	104	123	135	185	189	161	161	198	200	135	137	246	248	179	179	0	0	160	162	238	244	224	226	178	178	144	144	267	267	339	339
ES2738	187	187	161	161	115	115	153	153	212	216	252	254	100	102	123	123	185	189	161	161	200	200	135	135	246	246	175	179	116	116	162	162	238	238	224	226	178	178	144	144	267	267	335	339
ES2593	185	187	161	163	115	115	153	153	212	212	252	254	100	104	123	131	185	189	161	163	200	202	135	137	246	248	175	175	116	116	162	162	244	244	224	224	178	178	144	150	267	267	339	339
ES2772	187	187	161	163	113	115	153	157	216	216	252	254	100	104	131	135	185	189	161	163	198	202	135	135	246	246	179	179	116	118	162	162	244	244	224	226	178	178	144	150	267	267	339	339
ES2557	187	187	161	161	115	115	157	157	212	216	252	254	104	104	131	135	177	189	161	161	198	202	135	137	246	248	175	179	116	116	162	162	238	238	224	226	178	180	144	150	267	267	339	339
ES2556	187	187	161	163	113	115	153	157	216	216	252	254	104	104	131	131	177	185	0	0	202	202	135	135	246	246	179	179	116	116	162	162	244	244	224	226	178	180	144	150	267	267	339	339
ES2589	187	187	163	163	115	115	153	157	212	216	254	254	100	104	123	135	185	185	161	161	198	200	135	135	246	246	179	179	116	116	162	162	244	244	224	224	178	178	144	144	267	267	335	339
ES2636	185	187	161	163	113	115	153	157	212	212	252	254	100	104	123	131	189	189	161	161	200	202	135	135	246	246	179	179	116	116	160	162	238	244	224	226	178	180	144	150	267	267	339	339
ES3037	187	187	163	163	115	115	157	157	212	216	252	254	102	102	123	131	189	189	161	163	200	202	135	135	246	248	175	179	116	116	162	162	238	238	226	226	178	180	144	144	267	285	339	339
ES3061	187	187	161	161	113	115	153	153	0	0	254	254	100	100	131	135	185	185	0	0	198	202	135	137	0	0	175	179	116	118	162	162	238	244	224	226	178	178	144	150	267	267	335	339
ES2910	187	187	161	163	113	115	153	157	216	216	252	252	104	104	135	135	185	185	0	0	198	198	135	135	246	246	179	179	116	116	162	162	238	238	226	226	178	178	144	144	267	267	339	339
ES2952	187	187	161	163	113	115	153	157	212	216	252	252	100	100	135	135	185	185	161	163	198	200	135	135	246	246	179	179	116	116	162	162	244	244	224	226	178	178	144	144	267	267	339	339
ES2927	187	187	161	161	113	113	153	157	216	216	254	254	102	104	123	135	177	185	161	163	198	200	135	135	0	0	179	179	116	118	162	162	244	244	226	226	178	178	144	150	267	267	335	339
ES2545	185	187	161	163	113	115	153	153	212	216	252	252	100	102	131	131	177	189	161	161	202	202	135	135	246	246	175	179	116	116	162	162	238	244	224	224	178	178	144	150	267	267	339	339
ES2558	187	187	161	163	113	115	153	157	212	212	252	252	100	102	123	131	177	189	161	163	200	202	135	135	246	246	175	175	116	116	162	162	244	246	224	226	178	180	144	144	267	267	339	339
ES2629	187	187	161	163	115	115	153	157	212	216	252	254	102	104	123	131	177	185	161	163	198	200	135	137	246	248	175	179	116	116	162	162	238	244	224	224	178	180	144	144	267	267	339	339
ES2656	187	187	161	163	113	115	153	153	216	216	252	254	104	104	123	135	185	185	161	161	198	200	135	137	246	248	175	179	116	116	162	162	238	244	224	224	178	180	144	144	267	267	339	339
ES2830	187	187	161	163	115	115	157	157	212	216	252	254	104	104	131	131	185	189	161	163	202	202	135	135	246	246	179	179	116	116	162	162	238	244	224	226	178	180	144	144	267	267	339	339
ES3055	187	187	161	161	115	115	153	153	212	212	252	252	102	104	123	131	185	189	161	163	200	202	135	135	246	246	175	179	116	116	162	162	244	246	224	224	178	178	144	150	267	267	339	339
ES2985	187	187	161	163	113	115	157	157	212	216	254	254	102	104	123	135	177	189	161	163	198	200	137	137	246	248	179	179	116	116	160	160	244	244	224	224	178	178	144	144	267	267	339	339
ES3062	187	187	161	163	115	119	157	159	212	216	252	252	104	104	131	135	177	189	161	163	198	202	135	137	246	248	175	179	116	116	162	162	238	244	224	224	178	178	144	150	267	267	339	339
ES3019	185	187	161	161	113	115	157	157	216	216	252	252	104	104	123	135	177	189	161	163	200	200	135	135	246	246	179	179	116	116	162	162	238	238	224	224	178	180	144	150	267	285	339	339
ES2845	185	187	161	161	115	115	157	157	212	216	252	254	100	104	123	135	185	189	161	163	198	200	135	135	246	246	179	179	116	116	162	162	244	244	224	224	178	178	144	150	267	267	339	339
ES2549	187	187	161	163	113	115	153	153	212	212	254	254	102	104	123	131	177	189	161	163	200	202	135	137	246	248	175	179	116	118	162	162	238	244	224	226	178	178	144	144	267	267	339	339
ES2690	187	187	163	163	115	115	153	157	212	216	252	254	100	104	123	131	185	185	163	163	200	202	135	135	246	246	179	179	116	118	162	162	0	0	224	226	178	178	144	144	267	267	335	339
ES2651	187	187	161	161	115	115	153	157	216	216	252	254	104	104	123	131	185	185	161	161	200	202	135	137	246	248	175	179	116	116	162	162	238	244	224	224	180	180	144	150	267	267	335	339
ES2855	185	187	161	161	115	119	153	153	216	216	254	254	100	104	123	135	185	189	161	161	198	200	135	137	246	248	179	179	116	116	162	162	244	244	224	224	178	178	150	150	267	267	339	339
ES2839	187	187	161	163	113	115	153	157	212	216	252	252	100	104	135	135	185	185	161	163	198	198	135	137	0	0	179	179	116	116	162	162	244	244	224	224	178	180	144	150	267	267	339	339
ES3060	187	187	161	161	115	115	153	153	212	216	252	252	100	104	131	135	177	189	161	161	198	202	135	137	246	248	175	175	116	116	162	162	244	244	224	226	178	180	144	150	267	267	339	339
ES2999	187	187	161	161	113	115	157	157	216	216	252	254	100	100	131	135	185	185	0	0	198	202	135	137	246	248	175	179	116	118	162	162	238	238	224	224	178	178	150	150	267	285	339	339
ES3025	185	187	161	163	115	115	153	153	212	216	252	254	102	102	135	135	177	185	161	163	198	200	135	135	246	246	175	179	116	116	162	162	238	238	224	226	178	178	144	144	267	285	335	339
ES2991	185	185	161	163	115	115	153	153	216	216	252	252	0	0	131	135	185	185	0	0	198	202	135	135	246	246	175	179	116	116	162	162	238	244	224	226	178	178	144	144	267	285	335	339
ES2396	187	187	161	163	113	115	153	157	212	216	254	254	104	104	131	131	185	185	0	0	202	202	135	135	246	246	179	179	116	116	162	162	244	244	224	226	178	178	144	144	267	267	339	339
ES2599	187	187	163	163	113	113	153	153	216	216	252	254	102	104	123	135	185	185	161	163	198	200	135	135	246	246	175	179	116	116	162	162	238	244	224	224	178	178	144	150	267	267	339	339
ES2628	187	187	163	163	115	119	153	157	216	216	252	252	102	104	135	135	185	189	0	0	198	198	135	135	246	246	179	179	116	118	162	162	0	0	224	226	178	178	144	144	267	267	339	339
ES2695.	187	187	161	161	115	115	157	157	216	216	252	254	100	104	131	135	185	185	161	163	198	202	135	135	246	246	179	179	116	116	162	162	238	244	224	226	178	178	144	144	267	267	339	339
ES2932	185	187	161	163	115	115	157	157	212	216	254	254	100	104	123	135	185	189	0	0	198	200	135	137	246	248	175	179	116	116	162	162	238	244	224	226	178	178	144	144	267	267	339	339
ES2857	187	187	163	163	113	115	153	153	212	216	252	254	102	102	131	135	185	189	0	0	198	198	135	135	246	246	179	179	116	116	162	162	0	0	224	226	178	178	150	150	267	285	339	339
ES2852	187	187	161	161	113	113	153	157	216	216	252	254	104	104	123	131	185	185	161	163	200	202	135	137	246	248	179	179	116	116	162	162	244	244	226	226	178	178	144	144	267	267	339	339
ES2978	185	187	161	161	113	115	153	153	212	216	252	254	100	104	131	135	189	189	161	161	198	202	135	135	246	246	175	179	116	116	162	162	244	246	224	224	178	180	144	144	267	267	335	339
ES2976	187	187	161	161	115	115	153	153	212	216	254	254	100	100	123	135	185	189	0	0	198	200	135	135	246	246	175	179	116	116	162	162	238	244	224	224	178	180	144	150	267	285	339	339
ES3124	185	187	161	163	115	115	153	157	212	216	252	252	100	100	123	131	185	189	0	0	200	202	135	135	246	246	179	179	116	116	162	162	238	244	224	226	178	178	144	144	267	267	339	339
ES2571	187	187	161	161	113	119	153	153	212	216	252	254	102	104	123	131	185	185	161	161	200	202	135	135	246	246	175	175	116	118	162	162	238	244	224	224	178	178	144	150	267	267	339	339
ES2586	187	187	161	161	113	115	153	153	216	216	252	254	104	104	131	131	185	189	0	0	202	202	135	135	246	246	179	179	116	116	162	162	238	238	224	224	178	178	144	150	267	267	339	339
ES2698	185	187	161	163	115	115	153	157	216	216	252	252	100	104	123	131	177	185	161	163	200	202	135	135	246	246	175	179	116	116	162	162	244	244	224	224	178	180	144	144	267	267	339	339
ES2896	187	187	161	161	115	115	153	153	212	216	254	254	100	104	131	135	177	177	161	161	198	202	135	135	0	0	179	179	116	116	162	162	238	238	224	226	178	178	144	144	267	285	339	339
ES2919	185	185	163	163	113	115	153	153	212	212	252	252	104	104	131	135	177	185	161	161	198	202	135	137	246	248	179	179	116	116	162	162	238	238	224	224	178	178	144	144	267	267	339	339
ES2876	187	187	161	161	113	115	153	153	212	216	252	252	104	104	131	131	189	189	161	163	202	202	135	135	246	246	175	179	116	116	162	162	238	244	226	226	178	178	144	144	267	285	339	339
ES2850	187	187	161	161	113	115	153	153	212	216	252	252	100	104	123	123	185	189	0	0	200	200	135	137	248	248	175	179	116	116	162	162	244	244	224	224	178	178	0	0	267	267	339	339
ES3009	187	187	161	163	115	115	153	157	212	212	254	254	100	100	123	123	185	185	161	161	200	200	135	137	246	248	175	179	116	116	160	162	244	244	224	226	178	178	144	150	267	285	335	339
ES3027	187	187	161	161	113	115	153	157	212	212	252	254	100	104	131	131	185	185	0	0	202	202	135	137	246	248	175	179	116	118	162	162	238	244	224	226	178	178	144	144	267	267	339	339
ES2559	187	187	161	163	115	115	153	157	212	216	252	254	104	104	123	135	185	189	0	0	198	200	135	135	246	246	179	179	116	116	162	162	244	244	224	226	178	180	144	144	267	285	335	339
ES2588	187	187	161	163	113	115	153	153	212	212	252	252	102	104	123	131	185	189	161	161	200	202	135	135	246	246	175	179	116	116	162	162	244	244	224	226	178	180	144	144	267	285	339	339
ES2697	187	187	161	161	115	115	153	153	212	216	252	254	104	104	131	135	185	185	0	0	198	198	135	135	246	246	175	179	116	116	162	162	238	238	224	224	178	178	144	150	267	267	339	339
ES2664	185	187	161	163	113	115	153	157	212	216	252	254	100	102	123	123	185	185	0	0	0	0	135	135	246	246	175	179	116	116	162	162	244	244	224	226	178	178	144	150	267	285	339	339
ES2945	185	187	161	163	115	115	153	153	216	216	252	252	104	104	131	135	185	189	0	0	198	202	135	135	246	246	175	179	116	116	162	162	238	238	224	224	178	178	144	150	267	267	339	339
ES2868	187	187	161	161	115	115	153	157	216	216	252	252	100	104	123	135	185	189	161	163	200	200	135	135	246	246	175	179	116	116	162	162	244	246	224	226	178	178	144	144	267	285	339	339
ES2944	187	187	163	163	115	115	153	157	212	216	252	252	100	100	131	131	185	189	161	163	202	202	135	137	246	248	179	179	116	116	162	162	238	244	224	226	178	178	144	144	267	285	339	339
ES2854	185	187	163	163	115	115	153	159	216	216	252	252	100	102	123	131	177	185	161	163	200	202	135	135	246	246	175	179	116	116	162	162	238	238	224	226	178	178	144	144	267	267	339	339
ES2856	187	187	161	161	115	115	153	153	212	216	252	254	100	102	123	131	177	189	0	0	200	202	135	137	246	248	175	175	116	118	162	162	0	0	224	226	178	178	144	150	267	267	339	339
ES3129	187	187	161	161	115	115	153	157	212	212	252	254	100	102	135	135	189	189	0	0	198	198	135	137	246	248	179	179	116	116	162	162	238	238	224	226	178	178	144	144	267	285	339	339
ES2641	187	187	163	163	113	115	157	157	212	216	252	254	100	104	123	135	185	189	0	0	0	0	135	137	246	248	179	179	116	118	162	162	238	244	224	226	178	180	144	150	267	267	339	339
ES2594	187	187	163	163	115	115	153	157	212	216	254	254	104	104	131	135	177	185	161	163	198	202	135	135	246	246	179	179	116	116	162	162	244	244	224	224	178	178	144	144	267	267	335	339
ES2701	187	187	161	161	113	113	153	153	212	216	252	252	100	104	131	135	185	189	161	163	198	202	135	137	246	246	175	175	116	118	162	162	238	238	224	224	178	178	144	144	267	285	339	339
ES2692	187	187	161	163	113	115	157	157	212	216	252	252	102	104	123	131	177	185	161	163	200	202	135	135	246	246	175	179	116	116	162	162	238	244	226	226	178	178	144	144	267	267	339	339
ES2875	187	187	163	163	113	115	153	153	212	216	252	254	100	104	131	131	189	189	161	163	202	202	135	137	246	248	175	179	116	116	162	162	244	244	224	224	178	178	144	144	267	267	335	339
ES2943	187	187	161	163	115	115	153	157	212	216	252	252	100	102	123	131	189	189	161	161	200	202	135	137	246	248	179	179	116	116	162	162	238	238	224	226	178	178	144	144	267	285	339	339
ES2942	185	187	161	161	115	115	153	153	212	216	252	254	100	104	131	131	177	185	161	161	202	202	135	135	246	246	179	179	116	118	162	162	244	244	224	226	178	178	144	144	267	267	339	339
ES2887	185	185	161	163	113	113	153	157	212	216	252	254	100	104	123	131	185	185	161	161	200	202	135	137	246	248	179	179	116	116	162	162	244	244	224	226	178	178	144	144	267	267	339	339
ES2853	187	187	161	161	113	115	153	157	216	216	252	254	104	104	123	131	185	185	161	163	200	202	135	135	246	246	175	179	116	116	162	162	244	244	224	224	178	178	144	144	267	267	339	339
ES2624	185	187	161	161	115	115	153	157	212	216	252	254	102	104	123	135	185	185	0	0	198	200	135	135	246	246	179	179	116	118	162	162	238	238	224	226	178	178	150	150	267	267	339	339
ES2667	187	187	161	161	115	115	153	157	212	216	252	254	102	104	131	135	189	189	161	161	198	202	135	135	246	246	179	179	116	116	162	162	0	0	226	226	178	178	144	144	267	267	339	339
ES2997	187	187	161	161	115	115	157	159	212	216	252	254	100	102	123	131	177	185	161	163	200	202	135	135	246	246	175	179	116	116	162	162	0	0	224	224	178	178	144	150	267	267	339	339
ES2879	185	187	163	163	113	115	153	159	212	212	252	252	100	104	123	123	189	189	161	163	200	200	135	137	246	248	179	179	116	116	162	162	238	244	224	224	178	178	144	150	267	285	339	339
ES2902	187	187	161	163	115	115	153	157	216	216	252	252	104	104	135	135	177	177	161	161	198	198	135	135	246	246	175	175	116	116	162	162	238	244	224	226	178	178	144	150	267	285	339	339
ES2934	187	187	161	161	115	115	153	153	212	216	254	254	100	102	123	131	185	185	161	163	200	202	137	137	248	248	175	175	116	116	162	162	238	244	224	224	178	180	144	150	267	267	339	339
ES2936	187	187	163	163	113	115	153	157	212	212	254	254	100	104	123	131	177	177	0	0	200	202	135	137	246	248	179	179	116	116	162	162	244	244	226	226	178	180	144	144	267	267	339	339
ES2895	0	0	161	161	115	115	153	153	212	216	252	254	100	104	123	135	185	185	161	161	198	200	0	0	246	248	179	179	116	116	162	162	238	238	224	224	180	180	144	150	267	267	335	339
ES2929	187	187	163	163	115	115	153	153	212	216	254	254	102	104	123	123	177	185	161	163	200	200	135	135	0	0	179	179	116	116	162	162	244	244	224	226	178	178	150	150	267	267	339	339
ES2841	187	187	161	161	115	115	153	153	212	212	252	254	100	102	123	131	185	185	0	0	200	202	135	135	246	246	175	179	116	116	162	162	244	244	224	226	178	178	144	144	267	285	339	339
ES2872	187	187	161	163	113	115	153	157	216	216	254	254	100	100	123	131	177	185	161	163	200	202	135	135	246	246	175	175	116	116	162	162	244	244	224	226	178	178	144	144	267	267	335	339
ES3175	187	187	161	163	115	115	153	157	216	216	252	254	100	104	123	135	185	185	161	161	200	200	135	137	246	248	175	179	116	118	162	162	244	244	224	226	178	178	144	144	267	267	335	339
ES3011	185	187	161	161	113	115	153	157	216	216	252	252	100	104	123	135	177	185	161	163	198	202	135	135	246	246	179	179	116	116	162	162	238	244	224	224	178	178	144	144	267	267	339	339
ES3357	187	187	161	163	115	115	153	157	212	216	252	254	104	104	123	131	185	185	161	161	200	202	135	137	246	248	175	179	116	116	160	162	238	246	224	224	178	178	144	144	267	267	335	339
ES3369	187	187	161	161	113	115	157	159	212	216	254	254	102	104	131	131	177	185	161	163	202	202	135	135	246	246	175	179	116	116	160	162	238	244	224	226	178	178	144	144	267	267	339	339
ES3344	185	187	161	163	113	115	153	153	216	216	252	254	100	100	131	135	185	185	161	161	198	202	135	137	246	248	175	179	116	118	162	162	244	244	224	226	178	178	144	144	267	285	335	339
ES2930	185	187	161	161	113	119	153	157	212	216	252	254	104	104	131	135	185	185	161	161	198	202	135	135	246	246	179	179	116	116	162	162	238	244	224	224	178	180	144	144	267	267	339	339
ES2920	185	187	161	161	113	115	153	153	212	216	252	254	100	104	135	135	185	189	161	161	198	200	135	135	246	246	175	179	116	116	162	162	244	244	224	224	178	178	144	150	267	267	339	339
ES2909	187	187	161	161	115	115	153	159	212	216	254	254	100	104	123	131	185	189	161	163	200	202	135	135	246	246	175	179	116	116	160	162	238	244	224	224	178	180	144	144	267	267	339	339
ES3149	187	187	161	161	113	115	153	157	212	216	254	254	100	104	123	135	177	185	161	163	198	200	135	137	246	248	179	179	116	116	162	162	0	0	226	226	178	178	144	144	267	267	339	339
ES3300	187	187	161	161	115	119	157	159	212	216	252	254	100	104	123	131	185	185	161	163	200	202	135	137	246	248	175	179	116	116	162	162	244	244	224	224	178	180	144	144	267	285	335	339
ES3330	187	187	163	163	113	115	153	157	212	212	252	254	104	104	123	135	185	185	161	163	198	200	135	135	246	246	179	179	116	116	162	162	0	0	224	224	178	178	150	150	267	267	339	339
ES3256.	187	187	161	163	113	119	153	153	212	216	252	252	100	104	123	131	185	189	0	0	200	202	135	137	246	248	175	175	116	118	162	162	238	244	224	226	178	180	144	150	267	285	339	339
ES3358	187	187	161	163	115	115	153	153	216	216	254	254	104	104	123	135	185	189	161	161	198	200	135	135	246	246	175	175	116	116	162	162	238	244	224	224	178	178	144	150	267	267	335	339
ES2960	187	187	161	163	113	115	153	153	212	216	252	254	100	100	135	135	185	189	161	161	198	202	135	135	246	246	175	175	116	116	162	162	238	238	224	224	178	178	144	144	267	267	339	339
ES2957	187	187	161	163	113	115	153	157	212	216	252	254	100	100	123	131	177	185	0	0	200	202	135	137	246	248	179	179	116	116	162	162	238	238	224	224	178	178	144	144	267	267	335	339
ES2948	187	187	161	161	115	119	153	157	212	216	252	252	100	102	123	135	185	185	0	0	200	202	135	135	246	246	175	179	116	116	162	162	244	244	224	226	178	178	144	150	267	285	339	339
ES2906	187	187	163	163	115	119	157	157	212	216	252	254	100	104	123	135	177	189	161	161	198	200	135	135	246	246	175	175	116	116	162	162	244	244	224	224	178	178	144	150	267	267	339	339
ES3368	187	187	161	163	113	115	157	157	212	216	252	254	100	104	131	131	185	189	0	0	202	202	135	137	246	248	179	179	116	116	162	162	238	238	224	224	178	178	144	150	267	285	339	339
ES3247	187	187	161	163	115	115	153	153	212	212	252	254	100	102	131	131	177	189	161	161	198	202	135	135	246	246	175	179	116	116	160	162	238	244	226	226	178	180	144	144	267	267	335	339
ES3255	187	187	161	161	113	115	153	157	212	216	254	254	100	102	123	131	185	185	161	161	200	202	135	137	246	248	175	179	116	116	162	162	238	244	224	224	178	178	144	144	267	267	339	339
ES3311	185	187	161	161	115	115	153	157	216	216	252	254	100	104	131	135	185	189	161	163	198	202	135	135	246	246	179	179	116	116	162	162	244	244	224	226	178	180	144	144	267	267	335	339
ES3287	187	187	161	163	115	115	153	153	216	216	252	254	104	104	123	123	185	185	0	0	200	202	135	137	246	248	175	175	116	116	162	162	238	244	224	226	178	180	144	144	267	267	339	339
ES3314	185	187	161	163	113	115	153	157	216	216	252	254	104	104	131	131	185	185	161	163	202	202	135	137	246	248	179	179	116	116	162	162	238	244	224	226	178	178	144	144	267	267	339	339
ES3052	187	187	161	161	113	115	153	157	212	216	252	252	104	104	123	135	177	177	163	163	198	200	135	135	246	246	175	175	116	116	162	162	238	244	224	226	178	180	144	144	267	267	339	339
ES2913	187	187	161	161	115	115	153	153	212	212	254	254	100	104	131	131	177	185	0	0	202	202	135	135	246	246	179	179	116	116	162	162	238	238	224	226	178	180	144	144	267	267	339	339
ES2946	187	187	163	163	113	115	153	153	212	216	252	254	104	104	123	123	185	185	161	163	200	200	135	135	246	246	175	179	116	116	162	162	238	244	224	224	178	178	144	144	267	267	339	339
ES2915	187	187	161	163	113	113	153	157	212	216	254	254	102	104	123	131	177	189	161	163	198	202	135	135	246	246	179	179	116	116	162	162	244	244	226	226	178	178	144	144	267	267	339	339
ES3283	187	187	161	163	115	115	153	157	212	212	252	254	102	104	135	135	177	189	161	163	198	198	135	137	246	248	175	179	116	116	162	162	238	244	224	226	178	178	150	150	267	267	339	339
ES3252	187	187	161	161	113	115	153	157	216	216	252	254	100	104	135	135	185	189	161	163	198	198	135	135	246	246	175	179	116	118	162	162	238	244	224	224	178	178	144	144	267	267	339	339
ES3342	187	187	161	163	115	115	153	153	216	216	252	252	100	104	123	131	185	189	161	163	200	202	135	135	246	246	179	179	116	116	162	162	244	244	224	226	178	180	144	150	267	285	339	339
ES3289	187	187	161	161	113	115	153	153	212	216	252	252	102	104	123	135	185	185	161	161	200	200	135	135	246	246	175	179	116	116	162	162	238	244	224	224	178	178	144	144	267	267	339	339
FaMa012912	187	187	161	161	115	115	153	153	216	216	252	252	102	104	123	135	185	189	0	0	198	200	135	135	246	246	179	179	116	116	162	162	0	0	224	224	178	178	144	150	267	285	339	339
ES3225	187	187	161	161	115	115	153	157	216	216	252	254	104	104	135	135	177	185	161	163	198	198	135	135	246	246	175	179	116	118	162	162	244	244	224	226	178	178	0	0	267	285	335	339
ES3035	187	187	161	163	113	113	153	157	216	216	252	254	100	100	123	131	189	189	0	0	200	202	135	137	246	248	179	179	116	118	162	162	0	0	224	224	178	180	144	150	267	267	339	339
ES3020	187	187	161	161	113	115	153	153	212	212	252	254	102	104	131	131	185	185	161	163	202	202	135	135	246	246	175	175	116	116	162	162	238	246	224	226	178	178	144	150	267	267	339	339
ES2956	187	187	163	163	115	115	153	157	212	216	252	254	100	102	131	131	189	189	161	161	202	202	135	137	248	248	175	179	116	118	160	162	238	244	224	224	178	178	144	144	267	285	339	339
ES2955	187	187	161	161	115	115	157	159	212	216	252	254	100	102	123	123	185	189	161	161	200	200	135	135	246	246	175	175	116	116	162	162	244	244	224	226	178	178	144	150	267	267	339	339
ES3356	187	187	161	163	113	115	153	157	212	216	252	254	102	102	123	135	177	185	161	163	198	200	135	135	246	246	175	175	116	116	162	162	244	244	224	224	178	178	144	144	267	267	339	339
ES3306	187	187	161	161	115	115	157	157	212	216	252	252	100	102	123	131	185	185	0	0	200	202	135	135	246	246	179	179	116	118	162	162	0	0	226	226	178	178	144	150	267	267	339	339
ES3350	187	187	161	163	113	119	153	157	216	216	254	254	102	104	131	135	177	185	161	161	198	202	135	135	246	246	175	179	116	116	162	162	238	238	224	224	178	180	144	144	267	285	339	339
ES3258	187	187	161	161	115	115	153	157	216	216	252	254	100	100	131	131	185	185	161	163	202	202	135	135	246	246	175	175	116	116	162	162	244	244	224	224	178	178	144	144	267	267	339	339
ES3296	187	187	161	161	115	115	153	157	212	216	252	252	102	104	135	135	177	185	161	163	198	200	135	135	248	248	175	179	116	116	162	162	244	244	224	226	178	178	144	144	267	267	339	339
ES3230	187	187	161	163	113	115	153	157	212	216	252	254	102	104	123	123	185	189	161	163	200	202	135	135	246	246	179	179	116	118	162	162	238	244	224	226	178	178	0	0	267	267	339	339
ES3023	187	187	161	163	115	115	153	153	216	216	252	252	100	104	131	135	177	189	161	163	198	198	137	137	246	246	175	179	116	116	162	162	244	244	224	224	180	180	144	144	267	285	339	339
ES3039	187	187	161	163	115	119	153	157	212	216	252	254	104	104	123	131	177	185	161	163	200	202	135	135	246	246	175	179	116	116	162	162	238	244	224	226	178	180	144	144	267	285	335	339
ES2954	187	187	161	161	115	115	153	153	216	216	252	254	100	104	123	131	177	189	0	0	200	202	135	135	246	246	175	179	116	116	162	162	244	244	224	226	178	180	144	144	267	285	339	339
ES3291	187	187	161	163	113	115	153	159	212	216	252	254	102	104	131	131	177	185	0	0	202	202	135	135	246	246	179	179	116	116	162	162	238	244	224	224	178	178	144	144	267	267	339	339
ES3359	185	187	161	161	115	115	153	159	216	216	254	254	100	104	135	135	189	189	0	0	198	198	135	135	246	246	175	175	116	116	162	162	244	244	224	226	178	178	144	144	267	267	335	339
ES3331	187	187	161	161	115	115	153	153	216	216	252	252	100	104	123	131	177	185	161	163	200	202	135	135	246	246	175	179	116	118	162	162	244	244	224	224	178	178	144	144	267	267	339	339
ES3361	187	187	161	163	113	113	153	157	212	216	252	252	100	102	123	131	177	185	161	161	200	202	135	135	246	246	179	179	116	116	162	162	0	0	224	226	178	180	144	144	267	267	335	339
ES3290	187	187	161	161	113	113	153	157	216	216	252	254	100	102	131	135	177	185	161	161	198	202	135	135	246	246	175	179	116	116	162	162	244	244	224	226	178	178	144	144	267	267	339	339
ES2980	187	187	161	163	115	115	153	153	216	216	252	254	100	104	131	131	185	185	0	0	200	202	135	135	246	246	179	179	116	118	162	162	244	244	226	226	178	178	144	144	267	285	339	339
ES2989	185	187	163	163	115	115	157	157	212	216	252	254	100	100	123	135	177	185	0	0	198	200	135	137	246	248	179	179	116	116	162	162	244	244	224	224	178	178	144	144	267	285	339	339
ES3044	185	187	161	163	113	115	153	157	216	216	252	252	100	102	131	131	185	189	0	0	202	202	135	135	246	246	179	179	116	116	162	162	244	244	224	226	178	178	144	144	267	267	339	339
ES3329	187	187	161	163	113	115	153	157	216	216	252	254	100	104	131	135	185	185	0	0	198	202	135	137	246	248	175	175	116	116	162	162	0	0	224	224	178	178	144	144	267	285	339	339
ES3279	187	187	163	163	115	115	153	153	216	216	252	252	100	104	123	135	177	189	161	163	198	200	135	135	246	246	175	179	116	118	160	162	238	244	224	224	178	178	144	150	267	285	335	339
ES3347	187	187	163	163	113	115	157	157	212	212	252	254	100	100	131	131	185	189	0	0	202	202	135	135	246	246	175	179	116	116	162	162	238	244	224	226	178	178	144	150	267	267	335	339
ES3351	187	187	161	163	113	115	153	157	216	216	254	254	102	104	135	135	189	189	0	0	198	198	135	135	246	246	175	179	116	116	162	162	0	0	224	224	180	180	144	144	267	267	335	339
ES3323	187	187	161	161	113	115	153	157	212	216	252	254	100	104	123	131	177	185	161	163	200	202	135	137	246	248	175	179	116	116	162	162	244	246	224	224	178	180	144	144	267	285	335	339
ES3200	187	187	161	161	113	115	153	157	212	216	252	252	104	104	123	135	185	189	161	163	198	200	135	135	246	246	175	175	116	116	162	162	238	244	224	226	178	178	144	144	267	285	339	339
ES2865	187	187	161	163	115	115	153	157	212	216	254	254	100	104	123	131	185	189	163	163	200	202	135	137	0	0	175	175	116	116	162	162	238	244	224	224	178	178	144	144	267	267	339	339
ES3196	187	187	161	163	115	115	153	157	212	216	252	254	104	104	131	135	185	189	0	0	198	202	135	137	246	248	175	179	116	118	162	162	0	0	224	226	178	178	0	0	267	267	339	339
ES2986	187	187	161	163	113	115	153	159	212	216	252	252	100	104	131	135	185	185	0	0	198	202	135	137	246	248	175	179	116	118	162	162	238	244	224	226	178	178	144	150	267	267	339	339
ES3031	187	187	163	163	113	115	157	157	216	216	0	0	104	104	131	131	177	185	163	163	202	202	135	135	0	0	175	179	116	116	162	162	244	244	224	224	178	178	144	144	267	267	339	339
ES3304	187	187	161	161	113	115	153	157	212	216	252	254	100	100	131	135	185	185	161	163	198	202	135	137	246	248	175	179	116	116	162	162	238	244	224	224	178	178	144	144	267	267	335	339
ES3332	187	187	161	161	115	115	157	157	212	216	252	254	100	102	131	131	185	185	0	0	200	202	135	137	246	248	175	179	116	116	162	162	0	0	224	226	178	180	144	144	267	267	339	339
ES3354	187	187	163	163	115	115	153	157	212	216	252	254	100	100	135	135	185	185	0	0	198	198	135	137	246	248	179	179	116	116	162	162	238	244	224	224	178	180	0	0	267	267	339	339
ES3335	187	187	161	161	115	115	153	153	216	216	254	254	100	104	123	131	185	185	161	161	200	202	135	137	246	248	179	179	116	116	162	162	238	244	226	226	178	178	144	150	267	267	335	339
ES3232	187	187	161	163	115	115	157	157	212	212	252	252	102	102	123	135	185	189	161	163	200	202	135	137	246	248	179	179	116	116	162	162	244	246	224	224	178	178	144	144	267	285	339	339
ES3231	187	187	161	163	113	115	153	157	212	216	252	252	102	104	123	123	185	189	161	161	200	200	135	135	246	246	175	175	116	118	162	162	238	244	224	226	178	180	144	150	267	267	339	339
ES3206	185	187	161	163	115	115	157	157	212	216	252	252	104	104	123	131	185	185	0	0	200	202	135	137	246	246	179	179	116	116	162	162	238	244	224	226	178	180	144	144	267	267	339	339
ES3223	187	187	161	161	113	115	153	157	216	216	252	254	100	102	123	131	177	189	161	163	200	202	135	137	246	248	179	179	116	116	162	162	238	238	224	226	178	178	144	144	267	267	339	339
ES3154	187	187	161	161	113	115	153	153	212	216	252	254	102	104	131	135	185	185	161	163	198	202	135	135	246	246	179	179	116	118	160	162	244	244	224	224	178	178	144	150	267	267	339	339
FaMa010712	187	187	161	161	115	115	153	153	212	216	0	0	102	104	123	131	177	189	0	0	200	202	135	137	246	246	179	179	116	116	162	162	244	244	224	224	178	178	144	150	267	267	339	339
ES3169	187	187	161	163	113	113	153	157	212	216	254	254	104	104	131	135	185	189	0	0	198	202	135	135	246	246	179	179	116	116	162	162	238	238	224	224	178	178	144	144	267	267	339	339
ES3153	187	187	161	161	115	119	153	157	216	216	252	254	102	104	131	135	185	189	161	163	198	202	135	137	246	248	175	179	116	116	162	162	238	244	224	226	178	180	144	150	267	267	339	339
ES3148	187	187	161	163	113	115	153	157	212	216	252	252	100	104	131	135	177	189	161	163	198	202	135	135	246	246	175	179	116	118	162	162	244	246	224	226	178	178	144	144	267	267	339	339
FaMa010412	187	187	161	163	113	119	153	153	212	216	0	0	104	104	131	135	177	185	0	0	198	202	135	137	0	0	175	175	116	116	162	162	238	244	224	224	178	178	144	144	267	267	339	339
ES3218	185	187	163	163	113	115	153	159	212	216	252	254	104	104	131	131	177	189	0	0	202	202	135	137	246	248	175	175	116	116	162	162	244	244	224	224	178	178	144	144	267	267	339	339
ES3180	187	187	161	163	115	115	153	153	212	212	252	254	100	104	123	131	185	185	161	163	202	202	135	137	0	0	175	179	116	116	162	162	244	244	226	226	178	180	144	144	267	267	339	339
ES3163	187	187	161	163	113	115	153	157	212	216	252	252	100	102	131	135	177	185	161	161	198	202	135	137	246	248	179	179	116	116	162	162	244	244	224	224	178	180	144	144	267	267	339	339
ES3307	187	187	161	163	115	115	153	157	216	216	252	254	100	104	123	123	177	189	163	163	200	200	135	137	246	248	179	179	116	116	162	162	238	238	224	226	178	180	144	144	267	267	339	339
ES3203	187	187	161	161	113	115	157	157	212	216	252	254	100	104	123	135	189	189	161	161	198	200	135	135	246	246	175	179	116	118	162	162	238	244	224	224	178	178	144	144	267	267	339	339
ES3211	185	187	161	161	115	115	153	153	212	216	252	252	102	104	131	131	185	189	0	0	202	202	135	135	246	246	175	179	116	116	162	162	238	244	224	224	178	178	144	144	267	267	339	339
ES3152	185	187	161	163	115	115	153	157	212	212	252	252	100	104	131	131	185	189	161	163	202	202	135	135	246	246	179	179	116	116	162	162	238	238	224	226	178	178	144	144	267	285	339	339
ES3217	187	187	163	163	115	119	153	159	216	216	254	254	100	100	131	131	185	189	161	163	202	202	135	135	246	246	175	179	116	116	160	162	238	244	224	224	178	178	144	144	267	267	339	339
ES3174	185	185	161	163	113	115	157	157	216	216	252	254	104	104	131	135	189	189	161	161	198	202	0	0	246	246	175	179	116	116	162	162	244	244	224	226	178	178	144	144	267	267	339	339
ES3207	187	187	163	163	115	115	153	153	212	216	254	254	100	104	131	131	185	189	161	163	202	202	135	137	246	248	179	179	116	116	162	162	238	244	224	224	178	178	144	150	267	267	335	339
ES3189	185	187	161	161	113	115	153	159	212	216	252	252	100	102	131	135	185	189	161	161	198	202	135	137	246	248	179	179	116	116	162	162	244	246	224	224	178	180	150	150	267	267	339	339
ES3150	187	187	161	163	115	115	153	157	216	216	252	252	100	104	131	131	189	189	163	163	202	202	135	137	246	248	175	179	116	116	160	162	244	244	224	226	178	178	144	144	267	267	339	339
ES3160	185	187	161	163	115	115	153	157	212	216	252	254	104	104	131	135	189	189	161	161	198	202	135	135	246	246	175	179	116	116	162	162	238	244	224	226	178	180	144	144	267	267	339	339
ES3208	185	187	161	161	115	119	153	157	212	212	252	254	104	104	131	135	177	185	161	161	198	202	135	137	246	248	179	179	116	118	162	162	244	244	224	226	178	180	144	150	267	267	339	339
ES3159	187	187	161	161	115	115	153	153	212	212	254	254	100	102	123	131	177	189	161	163	200	202	137	137	248	248	175	175	116	116	162	162	238	238	224	226	178	178	144	150	267	285	339	339
ES3193	187	187	161	163	119	119	153	153	212	216	254	254	102	102	123	131	189	189	0	0	200	202	135	135	0	0	179	179	116	116	162	162	238	244	224	226	178	180	144	144	267	285	339	339
ES3197	187	187	161	163	113	115	157	159	212	216	252	252	100	104	131	135	185	185	161	161	198	202	135	135	246	246	179	179	116	116	162	162	238	244	224	226	178	178	144	144	267	267	339	339
ES3157	187	187	161	163	113	115	157	157	0	0	0	0	100	104	135	135	177	185	161	161	198	200	135	137	0	0	175	175	116	116	162	162	238	246	224	226	178	180	144	150	267	267	339	339
ES3155	187	187	161	161	115	119	153	157	212	216	252	252	100	100	131	135	185	189	161	161	200	202	135	135	246	246	175	175	116	116	162	162	238	244	224	226	178	180	144	144	267	267	339	339
ES3214	187	187	161	161	113	115	153	157	212	212	252	252	100	104	131	135	185	185	163	163	200	202	135	135	0	0	175	175	116	116	162	162	238	246	224	224	178	178	144	150	267	267	339	339
ES3182	185	187	161	163	113	115	153	157	212	216	254	254	100	102	131	135	177	185	161	161	198	202	135	135	246	246	175	179	116	116	162	162	244	244	224	224	178	180	0	0	267	285	339	339
ES3151	187	187	161	161	115	119	157	157	212	212	252	252	100	104	131	131	177	185	161	163	202	202	135	137	0	0	175	179	116	116	162	162	238	244	224	226	178	180	144	144	267	267	335	339
